16
8 10 6 7 15 11 13 9 2 3 14 16 5 12 1 4
6 2 14 13 3 5 16 11 7 12 4 15 1 10 9 8
13 8 1 12 15 9 14 10 7 16 2 6 4 3 5 11
3 11 8 13 14 1 12 16 6 10 5 9 2 7 15 4
11 4 12 1 13 15 9 10 3 6 16 5 7 2 14 8
10 15 12 14 2 1 13 6 4 9 11 5 7 16 3 8
5 16 1 3 15 13 11 7 8 14 6 12 10 4 2 9
2 8 15 11 1 16 5 3 4 6 13 14 7 10 12 9
14 4 16 1 9 3 5 8 12 15 2 10 7 11 13 6
4 10 14 12 16 15 1 8 3 7 5 2 6 11 13 9
15 13 2 8 1 7 5 12 6 3 4 16 9 11 14 10
8 12 3 7 9 14 10 2 11 1 16 5 13 6 15 4
1 14 10 12 2 6 15 4 7 13 16 3 9 8 11 5
10 7 3 14 13 5 1 6 12 11 4 2 8 9 16 15
7 8 13 3 10 5 9 6 14 15 4 16 11 12 2 1
14 5 6 1 2 15 16 11 4 8 13 10 12 3 9 7
4 13 5 10 9 3 6 14 11 2 1 16 8 15 7 12
9 10 13 6 1 12 14 11 2 4 8 5 16 7 3 15
12 5 6 2 1 9 11 14 10 8 7 16 4 13 15 3
4 11 1 6 3 10 2 12 9 7 15 8 14 16 5 13
7 4 13 6 2 12 5 14 3 16 9 8 10 15 1 11
15 9 16 3 5 6 12 14 1 11 13 4 10 2 7 8
2 10 12 15 9 1 13 6 8 14 16 3 7 5 4 11
1 12 10 8 13 7 11 14 2 6 16 5 15 4 9 3
6 13 4 10 8 7 16 12 3 2 15 5 9 14 11 1
16 10 2 13 14 1 3 8 9 5 15 11 4 6 12 7
2 4 10 9 15 16 12 7 8 14 5 11 3 13 6 1
16 4 5 15 8 13 12 1 11 7 3 9 10 6 14 2
8 15 5 1 14 2 12 11 16 3 10 7 9 13 6 4
10 16 6 9 15 1 8 7 2 3 5 4 12 11 13 14
15 9 2 6 10 8 3 7 11 1 16 4 13 14 5 12
6 9 8 7 12 4 16 14 15 13 10 3 5 2 1 11
