32
27 6 11 16 26 12 23 7 20 13 17 10 29 15 25 21 31 2 14 19 3 18 22 4 30 5 28 32 9 24 1 8
24 26 8 23 14 1 20 16 6 10 29 19 18 32 17 22 15 2 30 21 12 27 13 3 4 31 25 7 5 9 11 28
29 22 14 10 19 27 2 1 16 30 20 11 5 26 17 18 8 24 3 31 7 23 25 6 12 21 32 9 13 4 28 15
2 17 22 27 1 24 18 3 4 6 28 32 26 10 12 31 8 20 9 5 15 25 13 16 21 7 11 23 29 19 30 14
25 24 6 23 16 10 30 12 29 19 8 27 7 5 2 32 21 4 1 18 9 17 15 28 31 13 3 20 14 22 26 11
13 7 24 23 6 5 15 21 14 26 30 9 19 31 22 29 3 27 2 8 10 12 4 28 16 32 20 1 17 25 18 11
5 6 10 9 16 29 7 31 14 24 25 32 28 2 19 26 30 18 1 11 3 23 8 4 27 17 15 12 21 22 13 20
20 15 30 10 9 3 6 22 13 2 11 1 31 29 25 17 27 12 23 21 4 7 32 26 8 16 28 19 24 5 18 14
13 31 21 16 28 12 10 11 20 19 24 22 30 17 7 32 26 25 1 23 2 4 18 27 3 8 15 9 6 14 5 29
28 25 12 14 31 15 8 4 22 29 13 3 20 9 1 6 17 16 26 21 23 11 27 18 24 19 2 30 10 7 5 32
4 16 12 3 24 23 18 20 31 27 21 1 2 28 32 15 10 5 13 25 8 26 30 7 9 11 17 29 19 22 14 6
16 27 19 7 11 30 22 13 14 9 31 2 32 3 26 4 24 25 1 17 21 20 28 23 18 15 6 10 12 8 29 5
8 26 10 4 12 7 20 18 16 17 27 13 23 22 19 25 15 6 24 5 11 1 30 31 14 21 3 2 28 29 9 32
17 16 10 9 27 21 11 6 32 1 25 15 13 3 19 23 5 14 18 30 4 24 8 22 7 31 2 28 26 29 12 20
21 4 24 32 3 23 20 17 19 29 6 5 18 30 14 9 11 13 26 1 22 27 10 12 15 7 8 16 31 2 28 25
16 8 10 5 32 25 23 27 6 21 15 22 1 18 28 2 9 7 19 13 31 17 30 29 11 26 24 12 14 20 4 3
16 27 3 2 8 15 31 25 21 4 12 29 1 32 9 19 24 6 26 28 7 5 18 30 23 13 11 14 22 10 17 20
6 28 23 18 12 24 9 13 15 19 14 16 26 25 4 2 1 5 7 27 29 8 30 32 20 21 31 17 10 3 22 11
3 1 31 22 20 28 27 30 16 32 9 12 10 21 13 11 19 5 24 4 29 18 2 15 17 23 26 6 8 14 25 7
6 1 20 27 28 32 22 13 2 14 24 12 7 4 29 5 23 19 11 30 26 10 3 15 9 8 21 16 17 31 25 18
3 24 18 2 17 9 11 6 20 21 15 7 5 4 22 8 30 26 10 12 28 16 29 31 1 23 19 25 13 32 27 14
28 23 25 12 24 26 18 10 16 27 7 17 20 8 4 11 31 9 32 6 15 5 14 21 3 1 22 29 19 13 30 2
15 9 12 14 27 22 13 29 6 17 18 4 10 26 11 16 19 32 5 20 24 7 31 1 28 2 30 25 3 21 8 23
5 25 18 26 20 17 1 12 14 16 15 11 24 9 6 32 28 31 4 8 21 29 3 7 23 27 13 22 19 10 30 2
13 22 10 31 3 26 1 28 7 12 4 25 32 2 19 8 11 27 29 15 16 18 20 9 21 17 24 6 14 5 23 30
25 21 5 6 4 10 27 2 31 13 24 15 29 22 12 19 16 14 8 3 7 17 1 18 28 32 20 30 11 9 26 23
28 13 1 16 5 22 25 26 20 30 3 19 27 2 6 7 4 8 21 10 9 15 23 29 11 32 24 14 12 17 18 31
7 30 26 17 3 15 21 29 13 11 31 20 32 27 14 4 16 24 28 25 22 2 9 5 18 23 1 10 6 12 8 19
32 28 23 6 1 17 11 27 15 24 12 31 7 9 13 20 14 18 4 8 30 10 29 25 5 2 22 21 19 3 16 26
25 23 9 26 11 24 7 13 4 32 19 31 21 12 5 28 2 10 16 20 15 14 1 27 30 18 29 8 6 3 22 17
24 11 14 26 18 1 13 25 16 8 17 29 28 7 12 22 31 4 32 23 19 20 10 6 2 3 30 27 9 5 21 15
5 14 13 25 24 18 4 20 12 21 30 11 7 10 31 23 15 17 16 6 32 26 9 29 1 28 19 27 22 8 3 2
28 24 31 29 12 17 5 6 26 30 7 8 20 14 19 1 32 4 21 9 11 3 15 2 18 25 13 22 10 16 23 27
19 7 11 29 28 24 32 5 12 27 13 22 2 17 26 3 14 25 18 31 6 8 20 21 1 4 16 23 15 10 30 9
32 2 6 27 30 4 28 19 22 8 26 10 31 12 23 1 21 25 11 14 9 3 29 24 17 20 7 13 5 18 15 16
12 20 17 29 4 25 22 15 21 6 10 9 3 1 27 5 18 24 16 31 2 14 26 13 19 8 23 7 28 11 32 30
14 10 29 15 23 7 6 4 2 1 25 8 17 12 32 19 22 18 24 31 30 13 20 11 9 26 16 3 5 21 28 27
20 30 8 13 5 22 19 16 14 18 26 9 27 3 7 17 12 24 29 11 2 1 10 32 6 15 31 23 21 25 4 28
14 26 23 4 2 16 13 20 12 7 11 29 31 17 28 3 6 18 10 24 1 22 25 27 9 21 15 8 5 19 30 32
8 21 3 20 18 7 11 5 29 14 6 17 4 15 26 25 32 2 28 24 9 31 22 1 27 23 10 30 12 19 13 16
28 22 30 4 23 16 1 17 29 32 13 8 18 31 21 9 27 25 7 6 14 11 10 3 5 24 12 19 2 15 26 20
25 5 14 7 3 27 11 2 17 20 32 21 10 29 16 8 31 24 30 19 28 23 22 12 15 4 18 9 1 13 26 6
32 9 20 21 22 26 28 6 1 17 7 29 25 30 11 19 23 14 24 12 15 13 5 18 8 27 4 16 10 2 31 3
16 19 5 6 22 17 20 14 28 25 31 23 10 26 30 8 11 27 1 32 3 15 4 7 9 13 2 12 21 29 18 24
14 25 31 13 19 17 24 10 2 27 7 15 16 21 3 20 11 8 12 23 29 1 22 4 6 26 9 32 30 5 28 18
23 18 12 9 7 20 8 5 11 19 32 30 6 27 29 25 31 4 14 13 16 2 1 21 15 10 17 22 28 26 24 3
1 25 5 16 9 3 19 10 12 6 2 13 27 22 31 11 32 8 15 29 7 18 24 21 28 23 26 4 14 20 17 30
28 16 23 20 8 9 13 30 10 22 1 15 17 6 7 26 11 21 19 2 18 32 12 25 24 4 14 29 31 27 3 5
10 22 17 25 13 2 7 32 16 11 6 21 26 5 3 23 24 1 20 27 14 8 19 9 30 29 18 31 12 4 28 15
22 25 26 9 28 4 23 8 16 29 20 1 21 27 18 5 32 31 19 30 10 12 6 11 15 14 13 7 17 24 3 2
15 6 18 20 21 7 9 11 3 28 5 26 27 1 23 13 8 2 31 30 16 19 24 22 10 29 32 12 4 17 25 14
26 20 27 16 9 4 25 31 11 28 21 7 10 6 19 24 15 1 14 2 30 3 32 22 29 17 8 23 18 13 5 12
20 7 1 5 12 18 22 16 29 21 26 15 23 9 2 6 25 27 11 10 32 31 17 13 19 30 8 4 28 14 3 24
23 4 13 31 22 9 18 1 10 28 12 14 2 8 24 32 11 29 19 15 16 26 30 3 21 27 25 5 20 6 7 17
22 5 14 9 7 30 1 25 8 6 4 11 28 26 16 23 31 18 19 15 13 17 24 20 29 21 32 10 27 12 2 3
24 1 4 9 5 30 3 7 27 21 16 29 18 25 19 31 11 14 13 10 22 32 6 20 26 17 28 15 23 8 2 12
31 8 28 4 16 19 2 17 14 1 6 9 7 15 27 26 24 11 25 18 29 3 20 5 13 22 23 21 32 12 30 10
32 23 24 27 22 16 21 7 1 8 15 29 12 14 30 6 19 13 31 20 11 2 25 18 17 4 26 28 10 3 5 9
2 17 6 9 23 11 24 32 1 5 21 30 4 25 3 14 13 28 20 15 19 22 12 7 16 27 26 10 31 18 8 29
21 30 10 11 20 22 23 32 16 18 26 7 4 29 28 13 2 24 1 12 27 8 31 14 5 17 15 9 6 25 3 19
26 4 18 6 8 22 11 2 24 13 10 12 17 32 14 7 9 21 3 1 20 15 29 28 25 5 31 23 16 27 30 19
2 11 23 22 31 9 12 29 27 13 25 6 24 30 7 10 5 8 19 17 1 18 28 32 4 3 15 20 26 21 14 16
18 30 10 15 7 29 20 27 19 31 17 14 32 6 23 5 11 4 8 22 3 26 1 24 9 12 13 21 2 16 28 25
12 8 20 19 4 32 23 21 5 15 25 1 22 14 6 24 27 28 9 16 18 13 17 31 11 29 30 26 2 7 10 3
