64
24 26 8 23 46 34 20 60 47 10 41 19 43 32 17 22 37 42 30 21 12 51 40 49 4 31 25 56 5 58 55 50 11 1 61 29 45 27 53 13 36 54 39 33 59 14 52 63 3 28 38 6 35 57 44 7 62 9 64 16 18 48 2 15
10 8 1 52 6 49 37 22 34 17 53 20 12 33 38 29 46 32 31 48 57 28 19 62 3 9 13 40 26 2 27 47 4 21 15 36 50 61 59 51 16 35 55 58 39 5 42 44 45 60 43 14 23 63 11 24 54 41 64 18 25 7 56 30
3 64 13 62 9 37 23 29 54 14 2 16 40 53 26 45 24 43 6 32 56 7 20 31 27 63 21 38 4 49 60 12 33 50 48 52 61 58 19 46 22 42 18 35 47 8 59 1 36 17 34 30 57 55 25 5 39 28 44 51 11 41 10 15
48 10 57 60 6 62 7 12 46 53 58 4 55 30 51 41 44 54 33 25 27 32 21 23 3 1 38 56 37 18 19 2 22 5 15 16 8 40 52 29 24 42 26 20 13 45 47 61 14 28 39 34 17 11 36 31 43 59 64 50 35 49 63 9
33 11 17 19 31 10 20 40 54 49 15 61 59 63 36 39 32 21 51 2 45 34 24 37 14 6 8 41 25 38 3 1 52 48 43 5 50 60 18 12 62 9 29 35 46 13 16 53 22 58 26 57 7 55 42 44 4 47 64 30 27 28 23 56
43 46 20 29 60 25 23 54 52 18 2 64 36 28 30 7 42 58 19 24 1 40 56 15 10 32 22 49 13 9 45 35 14 17 21 57 48 27 53 3 50 61 47 37 8 26 16 44 51 39 5 12 6 59 62 11 34 55 33 31 38 63 4 41
31 63 37 40 11 27 16 29 51 42 13 56 20 30 53 12 2 25 5 35 50 34 26 55 23 54 15 24 38 45 21 59 47 1 3 52 28 6 4 62 32 33 58 41 44 49 22 46 14 64 19 18 10 36 48 61 8 17 9 57 7 43 60 39
34 29 33 4 38 6 19 28 32 44 64 55 24 5 49 35 26 45 46 17 21 59 60 39 9 42 61 41 47 1 8 37 20 63 30 13 15 31 3 25 7 53 18 54 43 62 22 51 2 58 12 52 11 16 10 48 40 27 56 57 36 50 23 14
15 60 59 55 2 11 45 9 39 23 12 16 29 4 30 25 56 31 62 10 32 36 6 63 53 51 42 14 7 54 18 19 26 41 27 38 33 20 8 21 40 22 49 5 57 24 61 43 64 48 47 44 35 52 34 1 28 46 3 17 13 37 58 50
47 62 45 58 52 28 60 42 35 56 9 12 34 21 39 64 63 61 24 4 29 18 48 51 17 23 36 57 8 14 38 7 1 55 46 26 32 25 50 37 27 30 5 59 31 54 3 2 10 13 15 20 44 16 49 53 6 22 40 41 43 33 19 11
3 24 51 2 17 54 11 47 20 49 44 7 40 33 37 8 64 26 42 12 28 52 56 31 1 23 53 43 13 60 61 59 4 38 30 48 62 39 27 55 14 45 25 15 10 9 6 35 21 22 57 58 19 46 5 29 18 16 41 32 34 63 50 36
56 40 54 19 47 24 46 11 29 10 3 39 13 34 52 33 55 36 16 44 62 32 20 41 7 8 1 61 60 45 63 5 15 23 51 35 58 31 57 50 27 18 49 22 48 53 14 21 25 17 64 12 30 9 28 42 6 2 43 37 38 26 59 4
63 49 10 31 62 26 59 34 52 12 4 25 36 2 19 48 11 47 29 15 55 18 64 9 21 17 40 6 14 56 53 30 42 43 57 32 27 1 22 33 60 24 28 35 23 3 37 8 39 44 20 50 58 7 16 41 54 45 38 5 13 46 61 51
28 63 54 35 5 61 25 64 53 30 3 38 48 40 58 7 4 8 21 10 9 37 23 41 11 43 33 14 12 62 56 44 24 20 59 26 15 19 51 2 29 49 42 31 50 55 32 27 47 16 6 13 34 1 36 60 45 39 57 18 22 17 52 46
47 28 23 6 50 52 11 27 63 62 64 57 58 49 13 60 14 55 44 34 30 10 40 25 33 2 39 21 43 54 16 26 5 8 48 17 53 61 22 29 42 31 51 37 59 7 32 41 56 45 19 36 4 3 18 9 35 46 1 20 12 24 15 38
21 33 50 56 41 14 40 59 63 53 7 55 25 44 37 60 9 51 23 22 4 58 54 52 24 20 32 26 62 2 48 64 18 10 42 35 8 28 13 38 17 47 57 30 46 49 15 3 19 31 39 45 29 27 1 61 5 36 12 16 11 6 43 34
20 54 10 48 33 24 39 35 62 5 57 53 40 8 59 16 55 37 44 2 14 15 56 52 1 17 13 25 4 58 9 45 50 30 3 36 26 19 51 47 46 11 7 43 21 22 27 23 60 64 32 41 28 38 61 18 29 42 34 31 12 63 49 6
64 52 23 4 12 2 3 29 7 44 50 39 58 53 24 57 35 41 63 48 22 38 61 34 17 40 11 14 28 26 37 45 5 9 47 13 25 51 60 56 16 43 31 59 18 49 33 19 46 32 10 42 55 30 8 54 15 6 27 62 1 36 20 21
40 64 36 39 47 41 12 62 14 58 19 4 35 15 56 8 37 2 24 16 28 26 55 18 50 11 49 63 13 23 20 45 17 61 5 60 27 54 1 30 34 44 29 7 22 38 33 9 3 32 10 42 53 51 43 57 25 52 59 46 31 48 21 6
36 2 18 60 29 61 31 22 35 43 5 47 49 26 20 64 4 45 13 7 56 57 9 62 14 21 41 33 50 46 3 53 63 55 1 42 39 17 30 15 59 38 32 58 54 48 25 40 6 52 11 12 51 44 37 27 34 16 10 28 24 23 19 8
48 54 8 14 34 28 1 22 33 30 32 64 55 60 2 57 4 11 10 16 58 31 36 25 53 12 18 26 5 45 35 27 21 19 6 63 24 38 51 29 20 3 42 46 7 56 9 59 43 47 49 44 17 40 13 41 61 23 62 39 15 52 50 37
26 23 57 11 54 34 49 47 29 64 6 1 33 56 10 16 45 46 58 19 14 28 22 12 52 13 43 18 37 50 4 32 39 35 3 9 8 27 20 30 55 5 42 51 61 21 36 40 2 31 15 60 7 63 41 53 25 38 17 62 48 44 24 59
17 61 20 40 24 51 27 21 33 50 47 7 29 3 31 57 28 23 11 19 60 12 25 59 35 45 49 56 63 32 34 46 58 62 1 10 48 15 52 38 44 36 5 54 37 9 16 22 4 2 39 41 42 14 43 6 30 53 55 64 13 18 26 8
1 58 41 16 38 3 33 40 12 61 54 13 27 22 52 11 63 8 15 45 48 37 24 35 50 23 62 53 14 57 17 60 19 25 55 36 18 9 49 10 39 21 64 5 29 46 32 7 44 28 26 31 4 2 42 30 20 34 43 56 59 51 47 6
35 47 17 25 13 2 56 15 16 11 60 21 26 5 3 37 55 1 50 44 34 32 40 53 29 30 18 12 41 42 45 31 10 14 33 58 46 20 39 19 51 59 23 27 8 43 22 49 62 38 4 36 64 52 24 57 48 7 28 61 63 54 6 9
31 51 7 59 9 61 54 23 41 44 57 3 15 5 36 1 53 13 49 2 38 26 17 16 19 35 56 45 42 33 12 8 60 43 58 62 32 28 29 18 52 46 40 55 10 64 63 39 37 50 21 47 20 24 11 22 30 27 25 14 34 48 6 4
9 1 12 50 16 35 22 39 18 29 38 62 20 25 15 32 4 60 40 34 58 31 46 10 63 61 17 13 42 14 44 7 47 6 24 51 11 49 59 45 8 19 27 41 56 55 53 37 21 57 64 2 28 3 48 26 5 23 52 43 54 36 33 30
24 34 14 9 7 28 1 36 8 6 51 11 26 19 16 54 48 46 13 17 22 35 25 45 3 52 27 63 59 2 15 58 39 62 33 23 4 18 20 43 31 5 53 64 47 55 21 40 60 42 56 44 29 38 57 37 49 30 32 41 50 61 12 10
31 8 28 61 62 37 2 47 14 1 33 9 56 15 50 26 53 55 38 18 59 63 20 48 13 57 64 21 32 12 30 35 6 45 10 17 52 51 36 7 43 5 49 42 41 4 39 44 22 27 25 19 54 24 11 40 58 34 60 29 46 16 3 23
2 17 6 47 23 41 36 32 1 62 21 30 4 45 38 14 13 28 20 15 57 49 42 58 60 37 26 44 31 64 8 52 61 46 16 24 27 59 29 56 53 12 11 63 25 39 9 40 22 43 3 34 48 54 35 50 33 7 51 55 19 5 10 18
46 47 60 41 8 35 61 38 40 13 31 12 17 19 14 36 45 64 32 1 20 39 55 51 42 5 50 43 48 30 34 3 9 56 22 7 21 62 52 44 53 25 16 24 57 26 4 27 2 23 59 15 63 28 54 10 33 58 29 18 11 49 6 37
18 29 47 15 7 59 20 26 45 38 17 14 53 36 61 50 11 4 57 22 3 25 43 9 56 64 21 55 42 44 13 52 58 24 34 6 12 63 49 48 23 60 1 28 19 10 46 16 37 33 62 2 35 39 32 54 8 5 30 40 51 41 27 31
27 1 38 34 44 47 56 7 40 36 64 30 46 15 2 11 10 41 6 55 60 52 14 39 49 9 50 37 54 16 45 32 12 43 25 29 53 28 24 8 18 22 48 4 23 63 59 42 58 17 31 35 26 33 20 21 61 57 62 51 3 13 19 5
14 54 61 30 32 34 35 62 20 23 27 59 31 7 22 63 6 1 58 8 42 21 49 13 12 17 55 19 36 37 15 52 38 45 47 56 25 64 53 16 57 9 3 29 50 39 10 2 11 44 48 33 24 26 60 43 5 4 51 41 18 28 40 46
53 4 1 47 48 54 7 59 61 37 31 57 39 34 22 45 28 25 27 14 17 49 38 64 30 3 51 50 18 26 40 56 42 2 32 16 9 13 8 15 33 24 62 41 11 20 19 35 36 5 60 23 43 21 55 44 52 6 63 46 58 12 29 10
12 31 53 52 26 28 39 30 63 5 24 43 48 4 62 49 55 45 16 1 42 14 27 7 29 44 51 25 56 32 38 2 3 22 37 60 57 33 50 35 40 59 47 9 18 36 41 13 17 6 19 61 23 15 46 21 58 11 20 10 34 64 54 8
63 57 2 5 31 42 13 62 28 41 12 37 43 52 53 3 1 20 61 54 15 17 51 6 35 38 44 50 48 32 34 11 40 27 25 19 4 55 64 45 29 18 8 30 16 58 7 36 33 24 49 9 26 23 47 59 46 56 21 10 39 22 14 60
1 43 12 52 39 34 38 63 21 64 31 54 46 32 6 40 30 23 15 27 16 11 45 44 41 2 42 61 60 20 51 10 35 22 48 53 7 62 8 18 59 29 33 25 5 19 50 55 13 36 37 4 56 3 58 26 49 24 47 17 57 9 28 14
40 19 36 32 12 18 46 54 59 21 30 33 29 6 9 64 60 57 50 35 55 63 26 7 23 28 5 14 49 43 1 13 58 3 16 10 25 34 11 48 52 4 15 37 56 42 17 31 39 62 41 45 47 51 20 38 27 8 44 22 24 2 53 61
39 56 49 47 41 34 51 2 52 63 29 33 11 1 17 42 4 5 28 22 27 44 38 7 61 24 9 48 57 30 12 6 40 3 43 10 55 26 25 35 37 8 54 60 59 23 31 21 32 53 45 14 46 19 50 58 15 20 36 18 16 64 13 62
14 7 22 28 25 34 55 63 29 8 45 46 2 53 39 9 24 23 5 16 17 18 50 43 30 61 47 20 33 10 64 44 52 38 32 26 41 40 59 12 3 35 15 37 48 6 4 54 51 21 19 49 13 58 56 31 57 42 27 11 60 36 62 1
47 36 14 11 2 56 49 60 51 27 38 19 61 3 34 5 63 8 50 52 30 57 64 35 48 13 54 10 15 32 39 4 42 24 44 45 37 20 22 18 29 46 25 17 1 16 62 31 9 12 7 43 59 6 21 33 28 53 26 58 41 55 40 23
16 28 31 60 25 51 42 48 44 62 20 47 17 12 40 43 41 3 7 23 50 52 1 61 49 26 22 15 18 2 19 55 27 39 9 30 56 45 53 6 32 38 14 57 29 63 21 11 10 35 64 13 33 36 54 4 8 37 59 5 24 46 34 58
60 17 13 32 27 18 61 31 33 50 11 45 19 21 10 46 3 37 49 51 40 14 22 41 4 36 24 7 55 5 64 39 16 54 57 38 28 47 30 20 2 1 15 52 34 26 53 12 8 23 42 9 35 43 44 6 63 62 59 56 29 25 58 48
11 26 17 57 1 33 56 54 19 35 24 3 31 9 7 29 2 46 40 45 22 8 51 48 6 13 49 5 30 14 60 52 25 23 42 32 41 28 12 64 36 4 18 55 27 63 34 43 10 20 16 58 62 44 50 39 61 21 37 47 59 53 15 38
32 61 2 29 28 48 58 55 51 57 53 35 42 23 6 24 7 11 60 63 30 34 17 27 9 10 12 33 62 15 40 19 21 37 26 41 16 46 8 54 45 1 20 22 50 31 14 36 43 47 38 49 52 13 5 56 3 59 39 44 64 18 4 25
18 6 43 33 19 64 29 24 10 31 53 13 48 20 61 28 58 2 39 62 52 7 40 46 59 38 8 21 27 56 14 1 60 5 3 34 4 41 12 51 35 9 45 23 11 30 50 55 47 57 49 17 63 44 42 36 32 16 54 37 25 15 22 26
55 12 59 29 60 43 50 35 33 62 22 5 47 54 44 27 9 48 7 8 2 57 58 19 32 39 21 14 28 46 41 11 1 4 31 36 38 25 49 42 3 56 20 15 45 61 37 30 52 24 6 26 51 18 23 53 17 63 40 64 16 10 34 13
42 47 34 39 40 1 43 50 52 36 63 32 41 31 38 17 61 30 10 3 27 24 19 57 46 14 13 53 12 8 58 29 18 2 21 26 64 62 15 28 7 4 23 33 6 45 9 48 49 56 22 35 44 25 55 54 59 16 37 11 20 5 60 51
43 15 48 51 17 50 41 13 20 40 8 53 62 4 32 58 24 26 57 22 44 14 31 3 30 35 56 10 60 5 37 38 11 34 16 64 46 42 52 19 1 25 21 45 39 63 54 23 59 2 61 27 33 55 36 29 28 12 6 9 7 18 49 47
40 2 58 34 17 64 23 62 50 63 48 4 5 11 33 38 14 3 10 36 60 15 1 27 59 6 35 47 7 55 30 8 24 44 18 25 43 16 37 32 41 19 46 26 12 51 31 13 45 54 21 20 9 39 42 57 53 28 61 29 22 56 52 49
20 46 8 36 9 29 18 60 64 53 48 21 27 2 55 14 10 4 61 59 30 5 56 47 19 44 25 31 13 12 32 34 33 15 17 38 1 57 28 22 26 37 62 40 42 11 23 49 43 16 50 7 6 41 39 63 52 58 45 24 51 3 35 54
54 23 32 10 59 25 50 27 60 38 58 55 53 18 17 61 6 4 56 9 41 33 31 64 14 19 37 49 57 24 1 40 39 35 48 26 15 30 28 43 51 62 36 12 34 16 11 44 7 42 22 2 8 46 52 3 20 5 21 63 45 47 29 13
3 26 14 31 63 22 4 35 19 48 17 50 36 42 37 13 7 62 29 1 58 2 64 15 11 61 5 41 56 51 18 34 32 43 28 39 49 27 25 33 10 24 59 47 54 16 8 21 9 57 6 38 60 20 52 46 44 53 12 40 30 55 23 45
21 59 53 57 2 51 44 52 9 46 10 1 13 26 22 23 64 6 39 40 31 60 55 47 25 4 62 34 27 38 12 17 41 42 20 16 7 28 14 43 29 3 45 24 61 63 49 56 8 33 36 32 54 58 48 37 30 50 11 19 35 15 18 5
36 39 30 28 64 14 8 50 60 23 2 6 22 20 19 31 35 1 11 41 15 12 46 24 17 13 3 34 59 40 48 5 29 25 52 56 63 43 32 26 57 21 10 16 47 45 54 42 62 4 27 51 49 9 7 53 44 58 33 55 61 18 37 38
15 5 34 12 26 25 42 38 60 31 40 19 58 39 27 16 57 43 53 52 14 47 23 10 59 50 48 33 21 45 56 35 63 17 24 6 18 46 20 61 13 28 1 54 29 11 8 2 30 41 7 3 4 49 64 22 51 32 55 62 9 37 36 44
55 64 16 56 60 18 2 53 41 43 22 59 35 17 26 31 48 8 28 39 32 12 13 54 19 30 51 46 4 33 3 36 38 27 45 14 23 29 11 40 1 37 34 63 10 44 42 58 49 50 61 9 20 24 21 57 7 52 47 6 25 15 5 62
55 19 7 44 49 20 11 6 59 18 62 54 15 22 29 45 40 3 63 52 53 28 23 46 10 33 13 26 64 30 36 14 17 48 43 2 50 31 12 35 47 27 37 56 9 21 24 1 34 5 39 41 57 60 8 25 32 16 61 58 51 4 42 38
54 7 13 36 44 64 25 53 5 55 61 22 10 29 33 42 49 27 15 62 57 21 19 41 59 3 38 35 14 26 37 2 47 18 45 24 50 17 56 34 23 32 11 46 9 1 58 12 51 52 48 43 20 63 39 40 30 8 28 60 6 16 4 31
23 9 20 22 2 41 39 13 43 14 64 38 52 45 19 17 32 7 35 61 30 49 58 11 44 62 63 28 34 29 40 26 53 47 54 4 33 8 57 37 5 18 51 50 60 21 15 27 42 48 46 36 59 12 10 25 24 31 3 16 1 56 55 6
28 44 61 9 12 59 50 36 62 11 31 53 38 51 39 40 8 26 46 2 55 29 42 13 21 5 17 60 19 37 33 30 24 52 58 63 3 6 18 10 64 32 27 16 34 14 7 20 47 48 25 43 49 56 22 1 57 45 54 41 23 35 15 4
2 43 36 46 32 31 22 52 63 12 42 49 54 41 37 28 19 5 40 56 34 48 25 24 18 15 13 1 38 58 9 45 4 33 26 55 16 47 10 59 53 3 39 51 44 62 6 57 17 60 64 61 14 50 23 35 8 27 21 30 29 11 7 20
45 27 17 53 34 57 41 7 1 47 15 19 39 48 49 24 5 63 62 44 43 61 35 38 16 33 21 56 50 31 20 51 10 60 36 18 40 14 23 12 46 25 2 32 26 28 37 11 4 30 3 8 22 59 54 55 6 64 52 29 42 58 13 9
22 54 6 36 14 9 20 29 17 62 13 52 28 48 3 10 40 42 5 55 27 64 1 30 32 47 24 26 43 19 8 61 57 46 63 44 49 35 51 41 16 7 11 53 38 23 34 31 4 58 50 56 15 39 60 2 12 18 25 21 33 37 59 45
15 54 33 25 36 30 37 58 64 3 16 14 41 29 27 1 45 51 35 50 13 6 19 40 49 48 44 39 31 18 23 61 42 32 28 11 9 57 20 63 7 60 26 43 47 5 24 34 8 53 62 38 10 2 4 21 56 55 52 59 12 46 22 17
28 54 31 9 52 26 35 42 56 33 20 37 30 44 24 40 64 2 3 15 58 8 51 61 19 55 34 39 13 18 12 38 32 36 60 27 50 25 4 49 7 48 62 5 45 63 14 17 1 29 22 47 59 43 46 53 6 57 41 11 21 23 16 10
23 51 56 25 9 18 46 12 49 15 44 5 2 30 8 29 58 6 38 31 33 40 41 62 21 53 50 34 3 52 1 24 59 10 32 48 37 26 55 54 16 20 19 43 17 35 47 36 45 27 13 14 22 7 64 60 63 57 39 11 42 61 28 4
14 11 21 62 8 33 9 57 26 46 1 58 53 28 22 42 48 39 52 5 20 63 40 19 56 2 44 13 60 50 32 16 31 41 34 25 51 36 55 38 27 35 23 47 6 7 43 45 64 10 4 37 18 54 15 59 30 61 17 3 29 12 24 49
14 61 57 44 49 41 3 32 24 58 47 15 54 4 64 11 28 63 22 33 5 31 9 6 2 29 20 60 16 59 13 17 46 23 35 19 39 43 53 7 42 50 37 52 10 48 8 27 56 38 40 45 51 1 30 34 18 55 21 62 26 36 25 12
10 19 57 3 40 16 61 58 37 51 43 1 56 23 41 46 17 44 22 36 31 38 25 15 28 8 35 64 7 55 49 59 12 2 45 63 26 52 62 5 11 33 4 24 34 32 54 14 60 13 6 42 39 27 47 18 21 53 50 29 48 20 9 30
57 43 24 16 60 3 21 8 61 47 5 59 23 55 26 40 62 56 30 64 35 22 10 63 7 39 36 38 32 13 29 28 46 20 17 49 41 12 9 31 1 58 33 27 53 18 52 44 51 42 15 14 50 37 11 4 25 2 19 6 45 54 48 34
61 1 14 8 48 50 38 12 7 20 36 33 40 46 60 11 24 53 47 5 59 57 30 29 18 35 41 6 28 62 45 23 31 15 22 63 37 3 25 51 27 17 19 32 42 2 9 44 21 43 26 64 54 56 55 52 4 58 16 49 34 10 13 39
39 17 62 58 23 49 11 50 47 42 54 29 28 53 26 52 18 14 57 3 16 24 19 36 51 7 45 15 1 2 35 59 64 43 32 6 12 21 46 30 37 48 22 55 9 10 63 27 20 34 25 44 8 33 13 31 5 40 60 38 41 56 4 61
18 42 10 50 47 35 54 8 29 14 40 27 62 16 36 56 49 41 37 44 21 12 4 6 17 48 1 31 61 51 24 55 63 2 26 52 13 60 64 43 58 28 22 46 39 34 30 19 53 3 5 11 59 38 33 25 7 9 20 23 57 45 15 32
24 31 10 21 14 46 29 26 50 37 15 12 30 49 35 59 5 25 4 3 22 60 42 11 28 36 61 16 53 2 6 55 48 23 38 54 17 51 13 32 47 62 19 8 52 33 56 58 9 63 39 40 18 34 57 7 43 64 20 1 41 44 45 27
39 50 38 31 62 47 20 37 60 51 17 33 13 54 10 34 15 59 27 53 32 2 5 4 41 58 14 35 16 57 45 25 56 30 36 26 63 12 46 61 64 18 40 29 23 22 11 42 43 9 1 3 49 7 8 48 28 21 44 52 24 19 55 6
5 62 53 27 29 51 59 26 49 52 12 18 20 35 14 19 13 39 17 2 9 24 8 33 30 38 3 6 32 41 63 58 11 61 4 36 10 25 23 31 16 28 7 40 60 45 55 57 22 43 15 54 47 37 48 50 64 44 56 46 1 21 42 34
60 23 9 61 34 28 35 50 56 19 32 13 52 37 47 5 16 55 2 54 62 17 18 10 21 12 11 57 49 38 25 63 8 29 46 31 48 45 44 15 4 24 22 30 43 42 14 58 33 20 41 40 39 51 6 53 1 59 36 64 27 26 7 3
46 42 35 61 2 60 6 52 18 19 57 16 26 22 37 24 53 17 40 39 5 15 10 11 13 51 55 47 23 20 14 45 21 25 63 48 59 12 62 31 58 28 36 4 34 1 32 9 33 56 43 30 29 50 8 38 64 54 41 3 27 49 7 44
60 50 5 16 32 26 53 63 9 6 39 30 33 47 29 56 61 58 62 41 45 21 8 40 24 22 20 52 64 55 12 3 14 59 42 54 17 51 11 18 13 57 4 10 25 2 7 34 1 28 19 35 48 44 27 46 43 37 38 31 36 23 49 15
31 51 54 58 40 53 7 22 14 36 4 34 6 32 57 56 63 16 10 37 21 26 20 30 27 2 45 23 15 62 1 55 11 9 17 18 28 3 25 8 33 43 60 5 44 12 64 19 52 47 50 13 39 48 35 38 49 24 42 61 46 41 59 29
5 54 20 35 18 32 6 4 44 50 26 9 13 61 37 38 56 11 7 10 2 39 62 28 45 64 51 27 33 30 47 55 17 53 46 25 21 3 48 41 52 16 29 63 59 8 1 42 36 31 34 40 49 60 19 24 58 22 43 14 57 15 23 12
39 11 9 41 51 38 43 16 14 32 31 7 33 13 45 62 18 57 49 63 59 58 23 35 19 55 34 52 20 24 54 1 8 40 64 21 28 26 29 25 27 47 15 37 50 36 17 12 4 60 6 3 22 46 30 2 10 44 48 5 61 53 42 56
34 38 5 48 21 28 16 17 13 45 50 31 43 30 46 29 55 62 49 25 32 18 2 64 22 58 4 7 9 61 41 15 12 11 60 33 27 40 23 14 63 6 52 35 26 39 37 54 3 8 10 53 36 1 24 42 47 56 51 59 57 44 20 19
58 19 35 2 48 12 8 59 56 36 13 55 44 54 14 34 17 47 27 26 64 7 52 5 39 3 33 46 6 4 41 62 57 23 61 30 31 60 9 51 18 49 42 15 16 50 1 11 28 63 24 53 37 10 38 45 20 43 40 22 29 32 21 25
20 21 14 35 34 63 4 28 36 5 27 18 53 46 49 51 32 56 13 52 17 7 22 2 41 39 42 48 8 60 25 15 3 23 31 10 61 37 12 45 64 57 62 11 44 40 16 43 1 54 24 26 6 59 33 30 9 19 55 47 38 50 58 29
62 13 63 30 17 41 52 28 38 60 57 20 48 37 3 55 44 2 35 50 40 21 6 19 7 43 47 54 16 4 36 22 27 45 8 24 46 12 10 14 18 42 49 5 61 11 29 9 64 1 39 31 51 32 58 56 53 23 26 34 15 59 25 33
23 48 53 32 49 42 26 34 1 35 51 3 44 8 19 24 60 18 46 21 36 16 62 4 20 41 63 47 57 28 45 13 2 7 9 64 25 54 5 50 52 30 22 55 17 33 43 40 12 38 10 59 27 15 11 58 56 31 39 29 14 6 61 37
33 44 55 56 42 3 2 41 18 16 24 64 40 29 10 32 22 20 54 43 46 53 5 4 12 14 11 26 57 59 21 58 36 8 34 60 1 13 47 27 35 39 19 6 15 63 17 9 28 7 37 45 49 48 62 38 23 25 50 51 31 52 61 30
52 53 34 18 44 19 54 47 23 32 35 42 41 38 30 16 62 63 57 17 21 27 39 13 24 2 20 3 12 58 59 5 37 28 31 10 6 1 25 49 4 40 36 22 61 33 14 7 11 64 51 29 15 60 8 43 56 55 9 48 26 46 50 45
45 62 2 22 25 20 12 32 29 35 48 21 8 40 7 41 61 33 31 63 27 59 10 28 3 37 4 17 14 44 9 47 51 30 49 15 57 39 54 56 53 19 36 58 64 46 60 34 13 38 52 55 43 23 26 50 18 6 11 1 42 16 24 5
55 59 38 42 64 11 61 25 24 41 40 50 15 10 51 63 2 57 58 3 47 4 46 39 20 43 29 8 7 9 28 33 53 56 32 13 49 18 37 14 60 62 31 12 36 5 22 48 44 26 6 19 16 17 54 45 1 35 34 23 27 21 52 30
48 43 58 56 40 32 53 37 19 47 55 2 4 29 10 5 27 15 9 13 22 61 41 39 42 60 6 59 11 20 57 18 16 36 62 17 24 46 64 38 25 14 54 1 49 21 51 63 45 8 30 12 50 44 26 23 33 3 35 31 28 52 34 7
25 16 53 23 50 3 5 63 2 13 8 28 42 15 57 10 6 30 19 46 49 54 60 56 40 62 64 58 44 38 18 33 24 39 22 29 43 31 48 14 45 11 7 26 4 37 36 17 20 59 51 21 47 35 34 41 55 9 32 27 12 1 52 61
61 45 32 8 64 59 25 36 52 10 58 14 50 20 62 28 1 35 44 33 63 47 4 13 57 7 3 30 23 49 31 17 16 9 2 12 56 27 43 34 38 24 29 48 60 51 39 18 46 19 42 53 21 15 22 11 6 5 55 26 37 40 41 54
6 4 47 64 48 40 58 7 33 19 13 8 49 53 25 16 63 27 24 17 22 1 42 5 46 14 55 10 32 56 26 15 52 59 20 44 60 28 37 51 39 38 12 50 45 61 29 36 18 35 30 31 21 23 43 3 2 11 54 34 62 9 41 57
52 39 32 38 29 59 24 14 21 50 45 33 61 3 22 10 4 49 55 44 2 37 1 62 7 56 31 23 47 51 20 30 8 54 9 12 5 13 63 43 35 19 18 40 34 58 41 60 6 17 15 53 64 42 48 46 11 16 26 28 36 57 27 25
55 39 41 19 36 34 32 15 38 46 23 20 27 42 60 33 28 47 9 53 44 52 2 63 21 57 11 56 58 48 37 14 7 62 61 59 40 29 43 16 8 1 25 17 13 12 31 35 5 26 50 18 4 10 49 54 6 22 3 51 45 30 24 64
17 20 53 42 57 27 36 14 25 8 26 48 28 62 19 30 34 46 18 56 60 64 37 5 58 12 13 33 1 61 54 29 47 21 15 49 9 7 35 55 23 43 4 41 22 40 44 52 32 11 16 6 50 24 10 39 59 31 45 51 38 3 63 2
29 3 11 14 18 56 23 42 20 15 45 39 22 28 62 9 17 53 46 38 63 44 26 52 4 59 31 6 60 51 55 48 7 8 37 27 49 19 10 36 32 34 13 58 35 43 5 57 21 16 54 61 24 40 2 12 64 25 33 41 50 1 30 47
1 19 56 8 2 10 52 28 31 32 59 41 29 60 9 21 38 62 24 44 11 17 42 58 45 26 6 61 63 22 33 30 23 64 27 39 36 12 37 16 50 43 13 25 35 15 55 49 7 57 14 54 20 5 47 3 34 18 40 53 4 46 51 48
48 17 49 58 4 25 6 50 5 45 24 46 35 60 44 16 11 53 55 22 13 28 41 42 31 27 8 56 61 12 32 52 38 23 30 57 7 10 40 37 43 33 36 18 54 21 14 15 51 59 20 9 34 2 39 19 3 64 1 26 63 29 62 47
32 51 38 46 54 52 30 62 31 24 22 12 49 17 7 23 9 60 18 2 19 16 44 11 61 5 13 64 36 14 58 6 29 26 47 40 55 33 43 10 37 35 21 3 34 20 4 25 63 41 1 39 42 48 15 50 59 8 56 27 28 53 57 45
34 14 57 31 7 19 16 22 17 12 9 62 56 41 26 35 48 53 45 1 64 63 54 55 58 30 4 36 52 33 25 38 51 49 15 3 46 10 29 40 47 11 20 2 42 39 61 59 13 23 24 60 27 43 8 6 37 44 21 28 50 18 5 32
64 52 31 14 29 54 23 9 22 26 32 27 12 35 63 57 10 41 8 39 46 48 36 62 60 6 59 47 20 28 16 21 53 33 37 15 44 55 2 7 24 50 61 25 5 1 42 30 56 18 40 45 51 13 19 4 11 17 3 34 43 58 38 49
8 64 13 31 4 38 54 1 60 30 42 61 12 45 32 3 11 52 21 33 39 17 24 23 51 5 7 55 46 59 19 49 14 62 35 29 56 20 28 63 37 16 27 58 48 41 40 44 34 25 47 6 9 43 26 22 10 15 18 36 2 53 57 50
28 5 61 51 17 19 43 63 26 11 20 4 22 53 64 16 46 48 3 21 30 29 27 34 1 35 14 45 8 60 42 62 38 32 25 58 24 41 33 59 31 6 23 57 44 47 56 52 15 54 37 39 18 55 40 49 2 12 9 7 13 50 10 36
9 31 21 32 42 7 43 64 22 2 33 38 12 56 8 27 1 15 39 14 46 5 18 23 37 51 6 52 17 24 62 44 40 10 50 47 54 28 11 63 45 20 55 29 19 13 4 41 49 59 25 36 60 48 26 35 34 16 61 3 57 53 30 58
13 61 26 60 14 49 5 54 28 45 42 2 62 17 21 35 30 55 57 39 18 23 16 15 56 32 50 59 1 7 31 9 8 63 19 29 38 20 27 4 12 44 48 10 43 37 22 53 3 52 36 64 11 40 33 51 47 25 46 34 6 24 41 58
17 48 8 61 33 34 62 15 2 1 51 32 31 56 41 26 45 9 49 5 16 59 28 18 14 25 35 47 13 29 38 21 52 50 57 24 30 46 36 58 53 40 64 44 11 12 27 7 63 6 22 20 39 54 37 43 60 55 10 3 23 42 4 19
42 49 16 5 57 33 48 6 31 25 54 45 29 50 53 35 20 4 51 11 18 17 24 28 36 26 59 10 55 7 21 44 39 60 22 3 38 27 14 43 30 2 8 1 13 19 46 15 58 12 52 56 41 47 63 32 62 61 9 23 40 37 64 34
7 12 31 32 16 1 29 38 59 17 40 15 24 33 8 3 64 9 50 11 46 55 26 28 13 49 19 6 54 43 45 25 39 42 18 63 5 23 57 52 14 2 60 36 21 44 47 37 20 34 4 48 27 53 51 61 22 35 56 58 30 41 10 62
28 54 56 43 23 12 16 35 15 32 26 38 39 45 5 49 18 36 11 53 27 19 37 48 24 59 40 17 4 62 29 41 55 6 42 51 1 8 46 25 30 3 14 9 44 61 7 64 21 50 20 34 47 60 22 13 10 63 58 31 52 2 33 57
42 1 61 54 60 53 43 44 17 13 8 34 14 30 50 24 38 47 33 51 55 15 3 59 48 39 32 49 64 56 58 62 57 12 26 28 6 41 25 7 45 31 2 9 4 29 63 22 40 20 5 11 16 37 19 52 46 10 18 21 36 23 35 27
48 45 44 4 1 38 25 52 34 17 10 12 61 15 29 28 47 24 22 40 14 49 41 50 3 13 58 6 18 54 46 16 27 42 63 35 20 62 36 60 64 26 7 33 9 37 39 53 19 11 59 55 23 8 31 5 2 32 30 21 57 56 51 43
33 8 24 57 11 46 61 18 16 15 27 30 36 47 49 2 28 63 40 17 56 60 31 3 12 23 34 64 22 26 58 20 54 48 13 45 37 55 19 35 29 51 10 1 41 38 9 14 6 4 43 42 32 21 25 59 50 62 53 44 7 39 5 52
40 38 63 3 16 11 21 64 34 4 54 22 42 39 7 50 8 55 52 49 18 33 17 15 58 37 57 20 23 61 29 30 48 51 6 45 59 32 47 2 5 1 44 53 56 19 10 27 24 60 36 13 9 31 12 43 14 35 28 62 26 25 46 41
7 25 61 21 33 51 36 13 27 58 26 63 15 3 28 32 37 9 39 2 44 23 56 12 14 11 64 19 43 29 17 52 42 1 22 4 20 60 35 5 41 59 16 54 40 48 57 53 30 18 50 49 34 55 47 10 6 45 31 38 8 24 46 62
46 13 58 23 61 63 36 11 35 33 20 14 5 56 26 30 41 31 4 9 28 2 42 49 19 7 53 21 52 15 60 44 25 27 50 37 51 6 22 3 34 47 32 16 45 59 54 24 29 43 10 57 38 12 39 8 48 1 64 55 62 18 40 17
6 47 55 24 37 5 39 19 53 63 11 54 52 59 20 29 2 46 9 10 8 56 15 36 31 45 4 14 32 64 27 33 1 61 12 49 60 13 43 16 30 26 38 51 17 57 48 50 22 18 42 40 28 23 41 35 7 3 62 34 21 44 25 58
38 23 3 47 34 31 24 33 1 8 27 37 10 60 36 2 56 9 64 52 55 20 7 14 42 51 35 40 16 49 6 26 13 32 46 29 62 39 48 44 22 53 25 4 54 57 11 61 21 58 63 28 50 18 59 41 5 43 30 19 17 12 45 15
48 53 9 17 19 29 62 43 16 14 30 42 39 12 11 40 41 36 56 13 2 18 34 7 21 63 51 44 55 27 3 38 24 6 4 54 20 61 23 49 60 8 52 25 57 15 64 5 47 59 28 31 32 50 46 33 1 37 26 58 22 45 10 35
49 31 24 40 64 17 7 11 18 27 12 13 55 19 45 50 37 63 44 28 25 6 1 36 21 23 46 33 60 41 16 57 59 39 48 5 15 38 10 58 30 34 43 61 14 8 26 53 47 56 4 22 3 2 29 52 54 62 32 20 42 35 51 9
15 26 13 56 43 32 20 45 34 4 17 48 64 50 33 47 60 57 30 55 46 19 58 23 31 6 28 1 61 39 40 2 41 25 7 59 53 52 16 29 62 36 24 11 27 10 18 63 5 22 12 38 3 49 14 51 54 21 9 35 37 44 8 42
5 55 21 47 61 53 63 56 51 29 48 42 38 17 22 23 60 62 28 6 64 57 52 2 50 25 26 20 37 9 39 46 19 54 44 3 11 12 32 31 10 58 59 4 18 14 43 41 30 15 33 35 49 24 40 7 34 8 13 16 36 1 27 45
60 54 19 2 43 1 62 37 45 36 41 17 35 26 63 34 39 52 21 44 20 49 8 11 6 61 29 59 50 33 55 53 51 3 42 22 47 18 23 58 46 9 24 57 12 64 40 14 10 28 4 32 38 31 5 15 25 13 56 27 48 16 7 30
13 59 25 46 17 11 4 2 20 44 24 42 43 12 35 5 18 45 51 30 41 62 49 39 61 22 40 57 48 21 8 19 23 9 14 55 64 36 6 16 32 29 7 52 26 34 28 53 33 50 47 31 54 3 27 1 37 10 63 60 58 15 38 56
